# Created by Octave 3.2.4, Tue May 27 00:51:07 2014 Финляндия (лето) <unknown@unknown>
# name: true_value
# type: matrix
# rows: 80
# columns: 1
 0.642043192014654
 0.6031285672568956
 0.5414432291804933
 0.675688231702461
 0.706993814542462
 0.647525153309087
 0.5950416788340546
 0.6300406169529321
 0.5784199208898564
 0.7091607157078765
 0.7620357588467971
 0.7769452334811118
 0.6913310679869389
 0.7072825134726167
 0.7894887042395604
 0.7437979505694338
 0.7144634845629032
 0.681492075712124
 0.6570522180041944
 0.6071836257930925
 0.6013134142132788
 0.7379011919615599
 0.7417471926517827
 0.7260413071756617
 0.7255999628341607
 0.7144634845629032
 0.6438185245161804
 0.6069911598396559
 0.7087990124505562
 0.7174135230560938
 0.6834532374100719
 0.6770786322971143
 0.6617178581857761
 0.5665036236693303
 0.585109771961029
 0.7492035891581937
 0.7930758714061961
 0.7896081658658313
 0.741863335899546
 0.713232366136611
 0.6417080357853938
 0.6231881653348907
 0.754572725583371
 0.7934906687196368
 0.8282174998008973
 0.8384646526321379
 0.8098336828692028
 0.7005528418593538
 0.6637785712389498
 0.8163974355570894
 0.8216802941410709
 0.7746389604183812
 0.7540384666436593
 0.7504479810985161
 0.6925256842496482
 0.6502395869282434
 0.744083331121081
 0.7622846372348615
 0.8053074145849373
 0.7930559611351509
 0.7524821471236295
 0.6583497040006371
 0.5943348642119515
 0.6896486500836232
 0.7012530197244419
 0.6872660543152194
 0.6937269372693727
 0.6670272637978178
 0.5457538028617697
 0.5347135575672304
 0.5835302237914466
 0.6482784252302954
 0.6606460219278452
 0.6611670073535267
 0.6512185085879636
 0.5578327006291646
 0.5080603413947808
 0.5847779341102763
 0.6224216198996523
 0.603370808887945
# name: system_output
# type: matrix
# rows: 80
# columns: 1
 0
 0.3263934698486864
 0.6901300285734833
 0.5915336501526314
 0.6731876052126624
 0.6384215638372469
 0.6173677563640129
 0.617586799237988
 0.6757151583760845
 0.6079078588611674
 0.7206066952246218
 0.7391825443498712
 0.7067065087185145
 0.6261212228998257
 0.5848060179856687
 0.6012819395257162
 0.7108734338457722
 0.6851433581087095
 0.6781485242863934
 0.6566259389621334
 0.5502245735112258
 0.6046027567267048
 0.6208632202452818
 0.8034688653770489
 0.7912199775852417
 0.7295877351480512
 0.7341017187555897
 0.5967599387972885
 0.5849228339173725
 0.6887118071831277
 0.808618847176634
 0.8246273200328357
 0.8466860820043662
 0.8411309676393128
 0.6341578338432037
 0.5795864486591439
 0.7492506201318855
 0.8204533071192368
 0.7823592747061449
 0.7542394345223612
 0.739365860036261
 0.6763395742595117
 0.6041509457349932
 0.6843815163372639
 0.7434846474320317
 0.8010262406095048
 0.7836958736550516
 0.7420277729783696
 0.6446842080799384
 0.5943480777237182
 0.6143745726310975
 0.6816413880339952
 0.6863831432280895
 0.6757760288314651
 0.6501123636061367
 0.5495264664375045
 0.5701038050844083
 0.5577680679229218
 0.6110530627632896
 0.6509863441622317
 0.6460145662638311
 0.6415969965372419
 0.5224687149567651
 0.5131406742064779
 0.5583035341090293
 0.6020334438224347
 0.6098033409155642
 0.6022749361901724
 0.6037462706587423
 0.6017381910861509
 0.5301301575441334
 0.6431882785651858
 0.608178470624961
 0.5697141811671684
 0.5645351223137279
 0.5310180480058865
 0.4750051600383946
 0.3829908626880114
 0.3882596086782431
 0.5120562681892908
